1538
0.00000000 -5.00000000 -5.00000000
0.00000000 -5.00000000 -4.37500000
0.00000000 -5.00000000 -3.75000000
0.00000000 -5.00000000 -3.12500000
0.00000000 -5.00000000 -2.50000000
0.00000000 -5.00000000 -1.87500000
0.00000000 -5.00000000 -1.25000000
0.00000000 -5.00000000 -0.62500000
0.00000000 -5.00000000 0.00000000
0.00000000 -5.00000000 0.62500000
0.00000000 -5.00000000 1.25000000
0.00000000 -5.00000000 1.87500000
0.00000000 -5.00000000 2.50000000
0.00000000 -5.00000000 3.12500000
0.00000000 -5.00000000 3.75000000
0.00000000 -5.00000000 4.37500000
0.00000000 -5.00000000 5.00000000
0.00000000 -4.37500000 -5.00000000
0.00000000 -4.37500000 -4.37500000
0.00000000 -4.37500000 -3.75000000
0.00000000 -4.37500000 -3.12500000
0.00000000 -4.37500000 -2.50000000
0.00000000 -4.37500000 -1.87500000
0.00000000 -4.37500000 -1.25000000
0.00000000 -4.37500000 -0.62500000
0.00000000 -4.37500000 0.00000000
0.00000000 -4.37500000 0.62500000
0.00000000 -4.37500000 1.25000000
0.00000000 -4.37500000 1.87500000
0.00000000 -4.37500000 2.50000000
0.00000000 -4.37500000 3.12500000
0.00000000 -4.37500000 3.75000000
0.00000000 -4.37500000 4.37500000
0.00000000 -4.37500000 5.00000000
0.00000000 -3.75000000 -5.00000000
0.00000000 -3.75000000 -4.37500000
0.00000000 -3.75000000 -3.75000000
0.00000000 -3.75000000 -3.12500000
0.00000000 -3.75000000 -2.50000000
0.00000000 -3.75000000 -1.87500000
0.00000000 -3.75000000 -1.25000000
0.00000000 -3.75000000 -0.62500000
0.00000000 -3.75000000 0.00000000
0.00000000 -3.75000000 0.62500000
0.00000000 -3.75000000 1.25000000
0.00000000 -3.75000000 1.87500000
0.00000000 -3.75000000 2.50000000
0.00000000 -3.75000000 3.12500000
0.00000000 -3.75000000 3.75000000
0.00000000 -3.75000000 4.37500000
0.00000000 -3.75000000 5.00000000
0.00000000 -3.12500000 -5.00000000
0.00000000 -3.12500000 -4.37500000
0.00000000 -3.12500000 -3.75000000
0.00000000 -3.12500000 -3.12500000
0.00000000 -3.12500000 -2.50000000
0.00000000 -3.12500000 -1.87500000
0.00000000 -3.12500000 -1.25000000
0.00000000 -3.12500000 -0.62500000
0.00000000 -3.12500000 0.00000000
0.00000000 -3.12500000 0.62500000
0.00000000 -3.12500000 1.25000000
0.00000000 -3.12500000 1.87500000
0.00000000 -3.12500000 2.50000000
0.00000000 -3.12500000 3.12500000
0.00000000 -3.12500000 3.75000000
0.00000000 -3.12500000 4.37500000
0.00000000 -3.12500000 5.00000000
0.00000000 -2.50000000 -5.00000000
0.00000000 -2.50000000 -4.37500000
0.00000000 -2.50000000 -3.75000000
0.00000000 -2.50000000 -3.12500000
0.00000000 -2.50000000 -2.50000000
0.00000000 -2.50000000 -1.87500000
0.00000000 -2.50000000 -1.25000000
0.00000000 -2.50000000 -0.62500000
0.00000000 -2.50000000 0.00000000
0.00000000 -2.50000000 0.62500000
0.00000000 -2.50000000 1.25000000
0.00000000 -2.50000000 1.87500000
0.00000000 -2.50000000 2.50000000
0.00000000 -2.50000000 3.12500000
0.00000000 -2.50000000 3.75000000
0.00000000 -2.50000000 4.37500000
0.00000000 -2.50000000 5.00000000
0.00000000 -1.87500000 -5.00000000
0.00000000 -1.87500000 -4.37500000
0.00000000 -1.87500000 -3.75000000
0.00000000 -1.87500000 -3.12500000
0.00000000 -1.87500000 -2.50000000
0.00000000 -1.87500000 -1.87500000
0.00000000 -1.87500000 -1.25000000
0.00000000 -1.87500000 -0.62500000
0.00000000 -1.87500000 0.00000000
0.00000000 -1.87500000 0.62500000
0.00000000 -1.87500000 1.25000000
0.00000000 -1.87500000 1.87500000
0.00000000 -1.87500000 2.50000000
0.00000000 -1.87500000 3.12500000
0.00000000 -1.87500000 3.75000000
0.00000000 -1.87500000 4.37500000
0.00000000 -1.87500000 5.00000000
0.00000000 -1.25000000 -5.00000000
0.00000000 -1.25000000 -4.37500000
0.00000000 -1.25000000 -3.75000000
0.00000000 -1.25000000 -3.12500000
0.00000000 -1.25000000 -2.50000000
0.00000000 -1.25000000 -1.87500000
0.00000000 -1.25000000 -1.25000000
0.00000000 -1.25000000 -0.62500000
0.00000000 -1.25000000 0.00000000
0.00000000 -1.25000000 0.62500000
0.00000000 -1.25000000 1.25000000
0.00000000 -1.25000000 1.87500000
0.00000000 -1.25000000 2.50000000
0.00000000 -1.25000000 3.12500000
0.00000000 -1.25000000 3.75000000
0.00000000 -1.25000000 4.37500000
0.00000000 -1.25000000 5.00000000
0.00000000 -0.62500000 -5.00000000
0.00000000 -0.62500000 -4.37500000
0.00000000 -0.62500000 -3.75000000
0.00000000 -0.62500000 -3.12500000
0.00000000 -0.62500000 -2.50000000
0.00000000 -0.62500000 -1.87500000
0.00000000 -0.62500000 -1.25000000
0.00000000 -0.62500000 -0.62500000
0.00000000 -0.62500000 0.00000000
0.00000000 -0.62500000 0.62500000
0.00000000 -0.62500000 1.25000000
0.00000000 -0.62500000 1.87500000
0.00000000 -0.62500000 2.50000000
0.00000000 -0.62500000 3.12500000
0.00000000 -0.62500000 3.75000000
0.00000000 -0.62500000 4.37500000
0.00000000 -0.62500000 5.00000000
0.00000000 0.00000000 -5.00000000
0.00000000 0.00000000 -4.37500000
0.00000000 0.00000000 -3.75000000
0.00000000 0.00000000 -3.12500000
0.00000000 0.00000000 -2.50000000
0.00000000 0.00000000 -1.87500000
0.00000000 0.00000000 -1.25000000
0.00000000 0.00000000 -0.62500000
0.00000000 0.00000000 0.00000000
0.00000000 0.00000000 0.62500000
0.00000000 0.00000000 1.25000000
0.00000000 0.00000000 1.87500000
0.00000000 0.00000000 2.50000000
0.00000000 0.00000000 3.12500000
0.00000000 0.00000000 3.75000000
0.00000000 0.00000000 4.37500000
0.00000000 0.00000000 5.00000000
0.00000000 0.62500000 -5.00000000
0.00000000 0.62500000 -4.37500000
0.00000000 0.62500000 -3.75000000
0.00000000 0.62500000 -3.12500000
0.00000000 0.62500000 -2.50000000
0.00000000 0.62500000 -1.87500000
0.00000000 0.62500000 -1.25000000
0.00000000 0.62500000 -0.62500000
0.00000000 0.62500000 0.00000000
0.00000000 0.62500000 0.62500000
0.00000000 0.62500000 1.25000000
0.00000000 0.62500000 1.87500000
0.00000000 0.62500000 2.50000000
0.00000000 0.62500000 3.12500000
0.00000000 0.62500000 3.75000000
0.00000000 0.62500000 4.37500000
0.00000000 0.62500000 5.00000000
0.00000000 1.25000000 -5.00000000
0.00000000 1.25000000 -4.37500000
0.00000000 1.25000000 -3.75000000
0.00000000 1.25000000 -3.12500000
0.00000000 1.25000000 -2.50000000
0.00000000 1.25000000 -1.87500000
0.00000000 1.25000000 -1.25000000
0.00000000 1.25000000 -0.62500000
0.00000000 1.25000000 0.00000000
0.00000000 1.25000000 0.62500000
0.00000000 1.25000000 1.25000000
0.00000000 1.25000000 1.87500000
0.00000000 1.25000000 2.50000000
0.00000000 1.25000000 3.12500000
0.00000000 1.25000000 3.75000000
0.00000000 1.25000000 4.37500000
0.00000000 1.25000000 5.00000000
0.00000000 1.87500000 -5.00000000
0.00000000 1.87500000 -4.37500000
0.00000000 1.87500000 -3.75000000
0.00000000 1.87500000 -3.12500000
0.00000000 1.87500000 -2.50000000
0.00000000 1.87500000 -1.87500000
0.00000000 1.87500000 -1.25000000
0.00000000 1.87500000 -0.62500000
0.00000000 1.87500000 0.00000000
0.00000000 1.87500000 0.62500000
0.00000000 1.87500000 1.25000000
0.00000000 1.87500000 1.87500000
0.00000000 1.87500000 2.50000000
0.00000000 1.87500000 3.12500000
0.00000000 1.87500000 3.75000000
0.00000000 1.87500000 4.37500000
0.00000000 1.87500000 5.00000000
0.00000000 2.50000000 -5.00000000
0.00000000 2.50000000 -4.37500000
0.00000000 2.50000000 -3.75000000
0.00000000 2.50000000 -3.12500000
0.00000000 2.50000000 -2.50000000
0.00000000 2.50000000 -1.87500000
0.00000000 2.50000000 -1.25000000
0.00000000 2.50000000 -0.62500000
0.00000000 2.50000000 0.00000000
0.00000000 2.50000000 0.62500000
0.00000000 2.50000000 1.25000000
0.00000000 2.50000000 1.87500000
0.00000000 2.50000000 2.50000000
0.00000000 2.50000000 3.12500000
0.00000000 2.50000000 3.75000000
0.00000000 2.50000000 4.37500000
0.00000000 2.50000000 5.00000000
0.00000000 3.12500000 -5.00000000
0.00000000 3.12500000 -4.37500000
0.00000000 3.12500000 -3.75000000
0.00000000 3.12500000 -3.12500000
0.00000000 3.12500000 -2.50000000
0.00000000 3.12500000 -1.87500000
0.00000000 3.12500000 -1.25000000
0.00000000 3.12500000 -0.62500000
0.00000000 3.12500000 0.00000000
0.00000000 3.12500000 0.62500000
0.00000000 3.12500000 1.25000000
0.00000000 3.12500000 1.87500000
0.00000000 3.12500000 2.50000000
0.00000000 3.12500000 3.12500000
0.00000000 3.12500000 3.75000000
0.00000000 3.12500000 4.37500000
0.00000000 3.12500000 5.00000000
0.00000000 3.75000000 -5.00000000
0.00000000 3.75000000 -4.37500000
0.00000000 3.75000000 -3.75000000
0.00000000 3.75000000 -3.12500000
0.00000000 3.75000000 -2.50000000
0.00000000 3.75000000 -1.87500000
0.00000000 3.75000000 -1.25000000
0.00000000 3.75000000 -0.62500000
0.00000000 3.75000000 0.00000000
0.00000000 3.75000000 0.62500000
0.00000000 3.75000000 1.25000000
0.00000000 3.75000000 1.87500000
0.00000000 3.75000000 2.50000000
0.00000000 3.75000000 3.12500000
0.00000000 3.75000000 3.75000000
0.00000000 3.75000000 4.37500000
0.00000000 3.75000000 5.00000000
0.00000000 4.37500000 -5.00000000
0.00000000 4.37500000 -4.37500000
0.00000000 4.37500000 -3.75000000
0.00000000 4.37500000 -3.12500000
0.00000000 4.37500000 -2.50000000
0.00000000 4.37500000 -1.87500000
0.00000000 4.37500000 -1.25000000
0.00000000 4.37500000 -0.62500000
0.00000000 4.37500000 0.00000000
0.00000000 4.37500000 0.62500000
0.00000000 4.37500000 1.25000000
0.00000000 4.37500000 1.87500000
0.00000000 4.37500000 2.50000000
0.00000000 4.37500000 3.12500000
0.00000000 4.37500000 3.75000000
0.00000000 4.37500000 4.37500000
0.00000000 4.37500000 5.00000000
0.00000000 5.00000000 -5.00000000
0.00000000 5.00000000 -4.37500000
0.00000000 5.00000000 -3.75000000
0.00000000 5.00000000 -3.12500000
0.00000000 5.00000000 -2.50000000
0.00000000 5.00000000 -1.87500000
0.00000000 5.00000000 -1.25000000
0.00000000 5.00000000 -0.62500000
0.00000000 5.00000000 0.00000000
0.00000000 5.00000000 0.62500000
0.00000000 5.00000000 1.25000000
0.00000000 5.00000000 1.87500000
0.00000000 5.00000000 2.50000000
0.00000000 5.00000000 3.12500000
0.00000000 5.00000000 3.75000000
0.00000000 5.00000000 4.37500000
0.00000000 5.00000000 5.00000000
0.62500000 -5.00000000 -5.00000000
0.62500000 -5.00000000 -4.37500000
0.62500000 -5.00000000 -3.75000000
0.62500000 -5.00000000 -3.12500000
0.62500000 -5.00000000 -2.50000000
0.62500000 -5.00000000 -1.87500000
0.62500000 -5.00000000 -1.25000000
0.62500000 -5.00000000 -0.62500000
0.62500000 -5.00000000 0.00000000
0.62500000 -5.00000000 0.62500000
0.62500000 -5.00000000 1.25000000
0.62500000 -5.00000000 1.87500000
0.62500000 -5.00000000 2.50000000
0.62500000 -5.00000000 3.12500000
0.62500000 -5.00000000 3.75000000
0.62500000 -5.00000000 4.37500000
0.62500000 -5.00000000 5.00000000
0.62500000 -4.37500000 -5.00000000
0.62500000 -4.37500000 5.00000000
0.62500000 -3.75000000 -5.00000000
0.62500000 -3.75000000 5.00000000
0.62500000 -3.12500000 -5.00000000
0.62500000 -3.12500000 5.00000000
0.62500000 -2.50000000 -5.00000000
0.62500000 -2.50000000 5.00000000
0.62500000 -1.87500000 -5.00000000
0.62500000 -1.87500000 5.00000000
0.62500000 -1.25000000 -5.00000000
0.62500000 -1.25000000 5.00000000
0.62500000 -0.62500000 -5.00000000
0.62500000 -0.62500000 5.00000000
0.62500000 0.00000000 -5.00000000
0.62500000 0.00000000 5.00000000
0.62500000 0.62500000 -5.00000000
0.62500000 0.62500000 5.00000000
0.62500000 1.25000000 -5.00000000
0.62500000 1.25000000 5.00000000
0.62500000 1.87500000 -5.00000000
0.62500000 1.87500000 5.00000000
0.62500000 2.50000000 -5.00000000
0.62500000 2.50000000 5.00000000
0.62500000 3.12500000 -5.00000000
0.62500000 3.12500000 5.00000000
0.62500000 3.75000000 -5.00000000
0.62500000 3.75000000 5.00000000
0.62500000 4.37500000 -5.00000000
0.62500000 4.37500000 5.00000000
0.62500000 5.00000000 -5.00000000
0.62500000 5.00000000 -4.37500000
0.62500000 5.00000000 -3.75000000
0.62500000 5.00000000 -3.12500000
0.62500000 5.00000000 -2.50000000
0.62500000 5.00000000 -1.87500000
0.62500000 5.00000000 -1.25000000
0.62500000 5.00000000 -0.62500000
0.62500000 5.00000000 0.00000000
0.62500000 5.00000000 0.62500000
0.62500000 5.00000000 1.25000000
0.62500000 5.00000000 1.87500000
0.62500000 5.00000000 2.50000000
0.62500000 5.00000000 3.12500000
0.62500000 5.00000000 3.75000000
0.62500000 5.00000000 4.37500000
0.62500000 5.00000000 5.00000000
1.25000000 -5.00000000 -5.00000000
1.25000000 -5.00000000 -4.37500000
1.25000000 -5.00000000 -3.75000000
1.25000000 -5.00000000 -3.12500000
1.25000000 -5.00000000 -2.50000000
1.25000000 -5.00000000 -1.87500000
1.25000000 -5.00000000 -1.25000000
1.25000000 -5.00000000 -0.62500000
1.25000000 -5.00000000 0.00000000
1.25000000 -5.00000000 0.62500000
1.25000000 -5.00000000 1.25000000
1.25000000 -5.00000000 1.87500000
1.25000000 -5.00000000 2.50000000
1.25000000 -5.00000000 3.12500000
1.25000000 -5.00000000 3.75000000
1.25000000 -5.00000000 4.37500000
1.25000000 -5.00000000 5.00000000
1.25000000 -4.37500000 -5.00000000
1.25000000 -4.37500000 5.00000000
1.25000000 -3.75000000 -5.00000000
1.25000000 -3.75000000 5.00000000
1.25000000 -3.12500000 -5.00000000
1.25000000 -3.12500000 5.00000000
1.25000000 -2.50000000 -5.00000000
1.25000000 -2.50000000 5.00000000
1.25000000 -1.87500000 -5.00000000
1.25000000 -1.87500000 5.00000000
1.25000000 -1.25000000 -5.00000000
1.25000000 -1.25000000 5.00000000
1.25000000 -0.62500000 -5.00000000
1.25000000 -0.62500000 5.00000000
1.25000000 0.00000000 -5.00000000
1.25000000 0.00000000 5.00000000
1.25000000 0.62500000 -5.00000000
1.25000000 0.62500000 5.00000000
1.25000000 1.25000000 -5.00000000
1.25000000 1.25000000 5.00000000
1.25000000 1.87500000 -5.00000000
1.25000000 1.87500000 5.00000000
1.25000000 2.50000000 -5.00000000
1.25000000 2.50000000 5.00000000
1.25000000 3.12500000 -5.00000000
1.25000000 3.12500000 5.00000000
1.25000000 3.75000000 -5.00000000
1.25000000 3.75000000 5.00000000
1.25000000 4.37500000 -5.00000000
1.25000000 4.37500000 5.00000000
1.25000000 5.00000000 -5.00000000
1.25000000 5.00000000 -4.37500000
1.25000000 5.00000000 -3.75000000
1.25000000 5.00000000 -3.12500000
1.25000000 5.00000000 -2.50000000
1.25000000 5.00000000 -1.87500000
1.25000000 5.00000000 -1.25000000
1.25000000 5.00000000 -0.62500000
1.25000000 5.00000000 0.00000000
1.25000000 5.00000000 0.62500000
1.25000000 5.00000000 1.25000000
1.25000000 5.00000000 1.87500000
1.25000000 5.00000000 2.50000000
1.25000000 5.00000000 3.12500000
1.25000000 5.00000000 3.75000000
1.25000000 5.00000000 4.37500000
1.25000000 5.00000000 5.00000000
1.87500000 -5.00000000 -5.00000000
1.87500000 -5.00000000 -4.37500000
1.87500000 -5.00000000 -3.75000000
1.87500000 -5.00000000 -3.12500000
1.87500000 -5.00000000 -2.50000000
1.87500000 -5.00000000 -1.87500000
1.87500000 -5.00000000 -1.25000000
1.87500000 -5.00000000 -0.62500000
1.87500000 -5.00000000 0.00000000
1.87500000 -5.00000000 0.62500000
1.87500000 -5.00000000 1.25000000
1.87500000 -5.00000000 1.87500000
1.87500000 -5.00000000 2.50000000
1.87500000 -5.00000000 3.12500000
1.87500000 -5.00000000 3.75000000
1.87500000 -5.00000000 4.37500000
1.87500000 -5.00000000 5.00000000
1.87500000 -4.37500000 -5.00000000
1.87500000 -4.37500000 5.00000000
1.87500000 -3.75000000 -5.00000000
1.87500000 -3.75000000 5.00000000
1.87500000 -3.12500000 -5.00000000
1.87500000 -3.12500000 5.00000000
1.87500000 -2.50000000 -5.00000000
1.87500000 -2.50000000 5.00000000
1.87500000 -1.87500000 -5.00000000
1.87500000 -1.87500000 5.00000000
1.87500000 -1.25000000 -5.00000000
1.87500000 -1.25000000 5.00000000
1.87500000 -0.62500000 -5.00000000
1.87500000 -0.62500000 5.00000000
1.87500000 0.00000000 -5.00000000
1.87500000 0.00000000 5.00000000
1.87500000 0.62500000 -5.00000000
1.87500000 0.62500000 5.00000000
1.87500000 1.25000000 -5.00000000
1.87500000 1.25000000 5.00000000
1.87500000 1.87500000 -5.00000000
1.87500000 1.87500000 5.00000000
1.87500000 2.50000000 -5.00000000
1.87500000 2.50000000 5.00000000
1.87500000 3.12500000 -5.00000000
1.87500000 3.12500000 5.00000000
1.87500000 3.75000000 -5.00000000
1.87500000 3.75000000 5.00000000
1.87500000 4.37500000 -5.00000000
1.87500000 4.37500000 5.00000000
1.87500000 5.00000000 -5.00000000
1.87500000 5.00000000 -4.37500000
1.87500000 5.00000000 -3.75000000
1.87500000 5.00000000 -3.12500000
1.87500000 5.00000000 -2.50000000
1.87500000 5.00000000 -1.87500000
1.87500000 5.00000000 -1.25000000
1.87500000 5.00000000 -0.62500000
1.87500000 5.00000000 0.00000000
1.87500000 5.00000000 0.62500000
1.87500000 5.00000000 1.25000000
1.87500000 5.00000000 1.87500000
1.87500000 5.00000000 2.50000000
1.87500000 5.00000000 3.12500000
1.87500000 5.00000000 3.75000000
1.87500000 5.00000000 4.37500000
1.87500000 5.00000000 5.00000000
2.50000000 -5.00000000 -5.00000000
2.50000000 -5.00000000 -4.37500000
2.50000000 -5.00000000 -3.75000000
2.50000000 -5.00000000 -3.12500000
2.50000000 -5.00000000 -2.50000000
2.50000000 -5.00000000 -1.87500000
2.50000000 -5.00000000 -1.25000000
2.50000000 -5.00000000 -0.62500000
2.50000000 -5.00000000 0.00000000
2.50000000 -5.00000000 0.62500000
2.50000000 -5.00000000 1.25000000
2.50000000 -5.00000000 1.87500000
2.50000000 -5.00000000 2.50000000
2.50000000 -5.00000000 3.12500000
2.50000000 -5.00000000 3.75000000
2.50000000 -5.00000000 4.37500000
2.50000000 -5.00000000 5.00000000
2.50000000 -4.37500000 -5.00000000
2.50000000 -4.37500000 5.00000000
2.50000000 -3.75000000 -5.00000000
2.50000000 -3.75000000 5.00000000
2.50000000 -3.12500000 -5.00000000
2.50000000 -3.12500000 5.00000000
2.50000000 -2.50000000 -5.00000000
2.50000000 -2.50000000 5.00000000
2.50000000 -1.87500000 -5.00000000
2.50000000 -1.87500000 5.00000000
2.50000000 -1.25000000 -5.00000000
2.50000000 -1.25000000 5.00000000
2.50000000 -0.62500000 -5.00000000
2.50000000 -0.62500000 5.00000000
2.50000000 0.00000000 -5.00000000
2.50000000 0.00000000 5.00000000
2.50000000 0.62500000 -5.00000000
2.50000000 0.62500000 5.00000000
2.50000000 1.25000000 -5.00000000
2.50000000 1.25000000 5.00000000
2.50000000 1.87500000 -5.00000000
2.50000000 1.87500000 5.00000000
2.50000000 2.50000000 -5.00000000
2.50000000 2.50000000 5.00000000
2.50000000 3.12500000 -5.00000000
2.50000000 3.12500000 5.00000000
2.50000000 3.75000000 -5.00000000
2.50000000 3.75000000 5.00000000
2.50000000 4.37500000 -5.00000000
2.50000000 4.37500000 5.00000000
2.50000000 5.00000000 -5.00000000
2.50000000 5.00000000 -4.37500000
2.50000000 5.00000000 -3.75000000
2.50000000 5.00000000 -3.12500000
2.50000000 5.00000000 -2.50000000
2.50000000 5.00000000 -1.87500000
2.50000000 5.00000000 -1.25000000
2.50000000 5.00000000 -0.62500000
2.50000000 5.00000000 0.00000000
2.50000000 5.00000000 0.62500000
2.50000000 5.00000000 1.25000000
2.50000000 5.00000000 1.87500000
2.50000000 5.00000000 2.50000000
2.50000000 5.00000000 3.12500000
2.50000000 5.00000000 3.75000000
2.50000000 5.00000000 4.37500000
2.50000000 5.00000000 5.00000000
3.12500000 -5.00000000 -5.00000000
3.12500000 -5.00000000 -4.37500000
3.12500000 -5.00000000 -3.75000000
3.12500000 -5.00000000 -3.12500000
3.12500000 -5.00000000 -2.50000000
3.12500000 -5.00000000 -1.87500000
3.12500000 -5.00000000 -1.25000000
3.12500000 -5.00000000 -0.62500000
3.12500000 -5.00000000 0.00000000
3.12500000 -5.00000000 0.62500000
3.12500000 -5.00000000 1.25000000
3.12500000 -5.00000000 1.87500000
3.12500000 -5.00000000 2.50000000
3.12500000 -5.00000000 3.12500000
3.12500000 -5.00000000 3.75000000
3.12500000 -5.00000000 4.37500000
3.12500000 -5.00000000 5.00000000
3.12500000 -4.37500000 -5.00000000
3.12500000 -4.37500000 5.00000000
3.12500000 -3.75000000 -5.00000000
3.12500000 -3.75000000 5.00000000
3.12500000 -3.12500000 -5.00000000
3.12500000 -3.12500000 5.00000000
3.12500000 -2.50000000 -5.00000000
3.12500000 -2.50000000 5.00000000
3.12500000 -1.87500000 -5.00000000
3.12500000 -1.87500000 5.00000000
3.12500000 -1.25000000 -5.00000000
3.12500000 -1.25000000 5.00000000
3.12500000 -0.62500000 -5.00000000
3.12500000 -0.62500000 5.00000000
3.12500000 0.00000000 -5.00000000
3.12500000 0.00000000 5.00000000
3.12500000 0.62500000 -5.00000000
3.12500000 0.62500000 5.00000000
3.12500000 1.25000000 -5.00000000
3.12500000 1.25000000 5.00000000
3.12500000 1.87500000 -5.00000000
3.12500000 1.87500000 5.00000000
3.12500000 2.50000000 -5.00000000
3.12500000 2.50000000 5.00000000
3.12500000 3.12500000 -5.00000000
3.12500000 3.12500000 5.00000000
3.12500000 3.75000000 -5.00000000
3.12500000 3.75000000 5.00000000
3.12500000 4.37500000 -5.00000000
3.12500000 4.37500000 5.00000000
3.12500000 5.00000000 -5.00000000
3.12500000 5.00000000 -4.37500000
3.12500000 5.00000000 -3.75000000
3.12500000 5.00000000 -3.12500000
3.12500000 5.00000000 -2.50000000
3.12500000 5.00000000 -1.87500000
3.12500000 5.00000000 -1.25000000
3.12500000 5.00000000 -0.62500000
3.12500000 5.00000000 0.00000000
3.12500000 5.00000000 0.62500000
3.12500000 5.00000000 1.25000000
3.12500000 5.00000000 1.87500000
3.12500000 5.00000000 2.50000000
3.12500000 5.00000000 3.12500000
3.12500000 5.00000000 3.75000000
3.12500000 5.00000000 4.37500000
3.12500000 5.00000000 5.00000000
3.75000000 -5.00000000 -5.00000000
3.75000000 -5.00000000 -4.37500000
3.75000000 -5.00000000 -3.75000000
3.75000000 -5.00000000 -3.12500000
3.75000000 -5.00000000 -2.50000000
3.75000000 -5.00000000 -1.87500000
3.75000000 -5.00000000 -1.25000000
3.75000000 -5.00000000 -0.62500000
3.75000000 -5.00000000 0.00000000
3.75000000 -5.00000000 0.62500000
3.75000000 -5.00000000 1.25000000
3.75000000 -5.00000000 1.87500000
3.75000000 -5.00000000 2.50000000
3.75000000 -5.00000000 3.12500000
3.75000000 -5.00000000 3.75000000
3.75000000 -5.00000000 4.37500000
3.75000000 -5.00000000 5.00000000
3.75000000 -4.37500000 -5.00000000
3.75000000 -4.37500000 5.00000000
3.75000000 -3.75000000 -5.00000000
3.75000000 -3.75000000 5.00000000
3.75000000 -3.12500000 -5.00000000
3.75000000 -3.12500000 5.00000000
3.75000000 -2.50000000 -5.00000000
3.75000000 -2.50000000 5.00000000
3.75000000 -1.87500000 -5.00000000
3.75000000 -1.87500000 5.00000000
3.75000000 -1.25000000 -5.00000000
3.75000000 -1.25000000 5.00000000
3.75000000 -0.62500000 -5.00000000
3.75000000 -0.62500000 5.00000000
3.75000000 0.00000000 -5.00000000
3.75000000 0.00000000 5.00000000
3.75000000 0.62500000 -5.00000000
3.75000000 0.62500000 5.00000000
3.75000000 1.25000000 -5.00000000
3.75000000 1.25000000 5.00000000
3.75000000 1.87500000 -5.00000000
3.75000000 1.87500000 5.00000000
3.75000000 2.50000000 -5.00000000
3.75000000 2.50000000 5.00000000
3.75000000 3.12500000 -5.00000000
3.75000000 3.12500000 5.00000000
3.75000000 3.75000000 -5.00000000
3.75000000 3.75000000 5.00000000
3.75000000 4.37500000 -5.00000000
3.75000000 4.37500000 5.00000000
3.75000000 5.00000000 -5.00000000
3.75000000 5.00000000 -4.37500000
3.75000000 5.00000000 -3.75000000
3.75000000 5.00000000 -3.12500000
3.75000000 5.00000000 -2.50000000
3.75000000 5.00000000 -1.87500000
3.75000000 5.00000000 -1.25000000
3.75000000 5.00000000 -0.62500000
3.75000000 5.00000000 0.00000000
3.75000000 5.00000000 0.62500000
3.75000000 5.00000000 1.25000000
3.75000000 5.00000000 1.87500000
3.75000000 5.00000000 2.50000000
3.75000000 5.00000000 3.12500000
3.75000000 5.00000000 3.75000000
3.75000000 5.00000000 4.37500000
3.75000000 5.00000000 5.00000000
4.37500000 -5.00000000 -5.00000000
4.37500000 -5.00000000 -4.37500000
4.37500000 -5.00000000 -3.75000000
4.37500000 -5.00000000 -3.12500000
4.37500000 -5.00000000 -2.50000000
4.37500000 -5.00000000 -1.87500000
4.37500000 -5.00000000 -1.25000000
4.37500000 -5.00000000 -0.62500000
4.37500000 -5.00000000 0.00000000
4.37500000 -5.00000000 0.62500000
4.37500000 -5.00000000 1.25000000
4.37500000 -5.00000000 1.87500000
4.37500000 -5.00000000 2.50000000
4.37500000 -5.00000000 3.12500000
4.37500000 -5.00000000 3.75000000
4.37500000 -5.00000000 4.37500000
4.37500000 -5.00000000 5.00000000
4.37500000 -4.37500000 -5.00000000
4.37500000 -4.37500000 5.00000000
4.37500000 -3.75000000 -5.00000000
4.37500000 -3.75000000 5.00000000
4.37500000 -3.12500000 -5.00000000
4.37500000 -3.12500000 5.00000000
4.37500000 -2.50000000 -5.00000000
4.37500000 -2.50000000 5.00000000
4.37500000 -1.87500000 -5.00000000
4.37500000 -1.87500000 5.00000000
4.37500000 -1.25000000 -5.00000000
4.37500000 -1.25000000 5.00000000
4.37500000 -0.62500000 -5.00000000
4.37500000 -0.62500000 5.00000000
4.37500000 0.00000000 -5.00000000
4.37500000 0.00000000 5.00000000
4.37500000 0.62500000 -5.00000000
4.37500000 0.62500000 5.00000000
4.37500000 1.25000000 -5.00000000
4.37500000 1.25000000 5.00000000
4.37500000 1.87500000 -5.00000000
4.37500000 1.87500000 5.00000000
4.37500000 2.50000000 -5.00000000
4.37500000 2.50000000 5.00000000
4.37500000 3.12500000 -5.00000000
4.37500000 3.12500000 5.00000000
4.37500000 3.75000000 -5.00000000
4.37500000 3.75000000 5.00000000
4.37500000 4.37500000 -5.00000000
4.37500000 4.37500000 5.00000000
4.37500000 5.00000000 -5.00000000
4.37500000 5.00000000 -4.37500000
4.37500000 5.00000000 -3.75000000
4.37500000 5.00000000 -3.12500000
4.37500000 5.00000000 -2.50000000
4.37500000 5.00000000 -1.87500000
4.37500000 5.00000000 -1.25000000
4.37500000 5.00000000 -0.62500000
4.37500000 5.00000000 0.00000000
4.37500000 5.00000000 0.62500000
4.37500000 5.00000000 1.25000000
4.37500000 5.00000000 1.87500000
4.37500000 5.00000000 2.50000000
4.37500000 5.00000000 3.12500000
4.37500000 5.00000000 3.75000000
4.37500000 5.00000000 4.37500000
4.37500000 5.00000000 5.00000000
5.00000000 -5.00000000 -5.00000000
5.00000000 -5.00000000 -4.37500000
5.00000000 -5.00000000 -3.75000000
5.00000000 -5.00000000 -3.12500000
5.00000000 -5.00000000 -2.50000000
5.00000000 -5.00000000 -1.87500000
5.00000000 -5.00000000 -1.25000000
5.00000000 -5.00000000 -0.62500000
5.00000000 -5.00000000 0.00000000
5.00000000 -5.00000000 0.62500000
5.00000000 -5.00000000 1.25000000
5.00000000 -5.00000000 1.87500000
5.00000000 -5.00000000 2.50000000
5.00000000 -5.00000000 3.12500000
5.00000000 -5.00000000 3.75000000
5.00000000 -5.00000000 4.37500000
5.00000000 -5.00000000 5.00000000
5.00000000 -4.37500000 -5.00000000
5.00000000 -4.37500000 5.00000000
5.00000000 -3.75000000 -5.00000000
5.00000000 -3.75000000 5.00000000
5.00000000 -3.12500000 -5.00000000
5.00000000 -3.12500000 5.00000000
5.00000000 -2.50000000 -5.00000000
5.00000000 -2.50000000 5.00000000
5.00000000 -1.87500000 -5.00000000
5.00000000 -1.87500000 5.00000000
5.00000000 -1.25000000 -5.00000000
5.00000000 -1.25000000 5.00000000
5.00000000 -0.62500000 -5.00000000
5.00000000 -0.62500000 5.00000000
5.00000000 0.00000000 -5.00000000
5.00000000 0.00000000 5.00000000
5.00000000 0.62500000 -5.00000000
5.00000000 0.62500000 5.00000000
5.00000000 1.25000000 -5.00000000
5.00000000 1.25000000 5.00000000
5.00000000 1.87500000 -5.00000000
5.00000000 1.87500000 5.00000000
5.00000000 2.50000000 -5.00000000
5.00000000 2.50000000 5.00000000
5.00000000 3.12500000 -5.00000000
5.00000000 3.12500000 5.00000000
5.00000000 3.75000000 -5.00000000
5.00000000 3.75000000 5.00000000
5.00000000 4.37500000 -5.00000000
5.00000000 4.37500000 5.00000000
5.00000000 5.00000000 -5.00000000
5.00000000 5.00000000 -4.37500000
5.00000000 5.00000000 -3.75000000
5.00000000 5.00000000 -3.12500000
5.00000000 5.00000000 -2.50000000
5.00000000 5.00000000 -1.87500000
5.00000000 5.00000000 -1.25000000
5.00000000 5.00000000 -0.62500000
5.00000000 5.00000000 0.00000000
5.00000000 5.00000000 0.62500000
5.00000000 5.00000000 1.25000000
5.00000000 5.00000000 1.87500000
5.00000000 5.00000000 2.50000000
5.00000000 5.00000000 3.12500000
5.00000000 5.00000000 3.75000000
5.00000000 5.00000000 4.37500000
5.00000000 5.00000000 5.00000000
5.62500000 -5.00000000 -5.00000000
5.62500000 -5.00000000 -4.37500000
5.62500000 -5.00000000 -3.75000000
5.62500000 -5.00000000 -3.12500000
5.62500000 -5.00000000 -2.50000000
5.62500000 -5.00000000 -1.87500000
5.62500000 -5.00000000 -1.25000000
5.62500000 -5.00000000 -0.62500000
5.62500000 -5.00000000 0.00000000
5.62500000 -5.00000000 0.62500000
5.62500000 -5.00000000 1.25000000
5.62500000 -5.00000000 1.87500000
5.62500000 -5.00000000 2.50000000
5.62500000 -5.00000000 3.12500000
5.62500000 -5.00000000 3.75000000
5.62500000 -5.00000000 4.37500000
5.62500000 -5.00000000 5.00000000
5.62500000 -4.37500000 -5.00000000
5.62500000 -4.37500000 5.00000000
5.62500000 -3.75000000 -5.00000000
5.62500000 -3.75000000 5.00000000
5.62500000 -3.12500000 -5.00000000
5.62500000 -3.12500000 5.00000000
5.62500000 -2.50000000 -5.00000000
5.62500000 -2.50000000 5.00000000
5.62500000 -1.87500000 -5.00000000
5.62500000 -1.87500000 5.00000000
5.62500000 -1.25000000 -5.00000000
5.62500000 -1.25000000 5.00000000
5.62500000 -0.62500000 -5.00000000
5.62500000 -0.62500000 5.00000000
5.62500000 0.00000000 -5.00000000
5.62500000 0.00000000 5.00000000
5.62500000 0.62500000 -5.00000000
5.62500000 0.62500000 5.00000000
5.62500000 1.25000000 -5.00000000
5.62500000 1.25000000 5.00000000
5.62500000 1.87500000 -5.00000000
5.62500000 1.87500000 5.00000000
5.62500000 2.50000000 -5.00000000
5.62500000 2.50000000 5.00000000
5.62500000 3.12500000 -5.00000000
5.62500000 3.12500000 5.00000000
5.62500000 3.75000000 -5.00000000
5.62500000 3.75000000 5.00000000
5.62500000 4.37500000 -5.00000000
5.62500000 4.37500000 5.00000000
5.62500000 5.00000000 -5.00000000
5.62500000 5.00000000 -4.37500000
5.62500000 5.00000000 -3.75000000
5.62500000 5.00000000 -3.12500000
5.62500000 5.00000000 -2.50000000
5.62500000 5.00000000 -1.87500000
5.62500000 5.00000000 -1.25000000
5.62500000 5.00000000 -0.62500000
5.62500000 5.00000000 0.00000000
5.62500000 5.00000000 0.62500000
5.62500000 5.00000000 1.25000000
5.62500000 5.00000000 1.87500000
5.62500000 5.00000000 2.50000000
5.62500000 5.00000000 3.12500000
5.62500000 5.00000000 3.75000000
5.62500000 5.00000000 4.37500000
5.62500000 5.00000000 5.00000000
6.25000000 -5.00000000 -5.00000000
6.25000000 -5.00000000 -4.37500000
6.25000000 -5.00000000 -3.75000000
6.25000000 -5.00000000 -3.12500000
6.25000000 -5.00000000 -2.50000000
6.25000000 -5.00000000 -1.87500000
6.25000000 -5.00000000 -1.25000000
6.25000000 -5.00000000 -0.62500000
6.25000000 -5.00000000 0.00000000
6.25000000 -5.00000000 0.62500000
6.25000000 -5.00000000 1.25000000
6.25000000 -5.00000000 1.87500000
6.25000000 -5.00000000 2.50000000
6.25000000 -5.00000000 3.12500000
6.25000000 -5.00000000 3.75000000
6.25000000 -5.00000000 4.37500000
6.25000000 -5.00000000 5.00000000
6.25000000 -4.37500000 -5.00000000
6.25000000 -4.37500000 5.00000000
6.25000000 -3.75000000 -5.00000000
6.25000000 -3.75000000 5.00000000
6.25000000 -3.12500000 -5.00000000
6.25000000 -3.12500000 5.00000000
6.25000000 -2.50000000 -5.00000000
6.25000000 -2.50000000 5.00000000
6.25000000 -1.87500000 -5.00000000
6.25000000 -1.87500000 5.00000000
6.25000000 -1.25000000 -5.00000000
6.25000000 -1.25000000 5.00000000
6.25000000 -0.62500000 -5.00000000
6.25000000 -0.62500000 5.00000000
6.25000000 0.00000000 -5.00000000
6.25000000 0.00000000 5.00000000
6.25000000 0.62500000 -5.00000000
6.25000000 0.62500000 5.00000000
6.25000000 1.25000000 -5.00000000
6.25000000 1.25000000 5.00000000
6.25000000 1.87500000 -5.00000000
6.25000000 1.87500000 5.00000000
6.25000000 2.50000000 -5.00000000
6.25000000 2.50000000 5.00000000
6.25000000 3.12500000 -5.00000000
6.25000000 3.12500000 5.00000000
6.25000000 3.75000000 -5.00000000
6.25000000 3.75000000 5.00000000
6.25000000 4.37500000 -5.00000000
6.25000000 4.37500000 5.00000000
6.25000000 5.00000000 -5.00000000
6.25000000 5.00000000 -4.37500000
6.25000000 5.00000000 -3.75000000
6.25000000 5.00000000 -3.12500000
6.25000000 5.00000000 -2.50000000
6.25000000 5.00000000 -1.87500000
6.25000000 5.00000000 -1.25000000
6.25000000 5.00000000 -0.62500000
6.25000000 5.00000000 0.00000000
6.25000000 5.00000000 0.62500000
6.25000000 5.00000000 1.25000000
6.25000000 5.00000000 1.87500000
6.25000000 5.00000000 2.50000000
6.25000000 5.00000000 3.12500000
6.25000000 5.00000000 3.75000000
6.25000000 5.00000000 4.37500000
6.25000000 5.00000000 5.00000000
6.87500000 -5.00000000 -5.00000000
6.87500000 -5.00000000 -4.37500000
6.87500000 -5.00000000 -3.75000000
6.87500000 -5.00000000 -3.12500000
6.87500000 -5.00000000 -2.50000000
6.87500000 -5.00000000 -1.87500000
6.87500000 -5.00000000 -1.25000000
6.87500000 -5.00000000 -0.62500000
6.87500000 -5.00000000 0.00000000
6.87500000 -5.00000000 0.62500000
6.87500000 -5.00000000 1.25000000
6.87500000 -5.00000000 1.87500000
6.87500000 -5.00000000 2.50000000
6.87500000 -5.00000000 3.12500000
6.87500000 -5.00000000 3.75000000
6.87500000 -5.00000000 4.37500000
6.87500000 -5.00000000 5.00000000
6.87500000 -4.37500000 -5.00000000
6.87500000 -4.37500000 5.00000000
6.87500000 -3.75000000 -5.00000000
6.87500000 -3.75000000 5.00000000
6.87500000 -3.12500000 -5.00000000
6.87500000 -3.12500000 5.00000000
6.87500000 -2.50000000 -5.00000000
6.87500000 -2.50000000 5.00000000
6.87500000 -1.87500000 -5.00000000
6.87500000 -1.87500000 5.00000000
6.87500000 -1.25000000 -5.00000000
6.87500000 -1.25000000 5.00000000
6.87500000 -0.62500000 -5.00000000
6.87500000 -0.62500000 5.00000000
6.87500000 0.00000000 -5.00000000
6.87500000 0.00000000 5.00000000
6.87500000 0.62500000 -5.00000000
6.87500000 0.62500000 5.00000000
6.87500000 1.25000000 -5.00000000
6.87500000 1.25000000 5.00000000
6.87500000 1.87500000 -5.00000000
6.87500000 1.87500000 5.00000000
6.87500000 2.50000000 -5.00000000
6.87500000 2.50000000 5.00000000
6.87500000 3.12500000 -5.00000000
6.87500000 3.12500000 5.00000000
6.87500000 3.75000000 -5.00000000
6.87500000 3.75000000 5.00000000
6.87500000 4.37500000 -5.00000000
6.87500000 4.37500000 5.00000000
6.87500000 5.00000000 -5.00000000
6.87500000 5.00000000 -4.37500000
6.87500000 5.00000000 -3.75000000
6.87500000 5.00000000 -3.12500000
6.87500000 5.00000000 -2.50000000
6.87500000 5.00000000 -1.87500000
6.87500000 5.00000000 -1.25000000
6.87500000 5.00000000 -0.62500000
6.87500000 5.00000000 0.00000000
6.87500000 5.00000000 0.62500000
6.87500000 5.00000000 1.25000000
6.87500000 5.00000000 1.87500000
6.87500000 5.00000000 2.50000000
6.87500000 5.00000000 3.12500000
6.87500000 5.00000000 3.75000000
6.87500000 5.00000000 4.37500000
6.87500000 5.00000000 5.00000000
7.50000000 -5.00000000 -5.00000000
7.50000000 -5.00000000 -4.37500000
7.50000000 -5.00000000 -3.75000000
7.50000000 -5.00000000 -3.12500000
7.50000000 -5.00000000 -2.50000000
7.50000000 -5.00000000 -1.87500000
7.50000000 -5.00000000 -1.25000000
7.50000000 -5.00000000 -0.62500000
7.50000000 -5.00000000 0.00000000
7.50000000 -5.00000000 0.62500000
7.50000000 -5.00000000 1.25000000
7.50000000 -5.00000000 1.87500000
7.50000000 -5.00000000 2.50000000
7.50000000 -5.00000000 3.12500000
7.50000000 -5.00000000 3.75000000
7.50000000 -5.00000000 4.37500000
7.50000000 -5.00000000 5.00000000
7.50000000 -4.37500000 -5.00000000
7.50000000 -4.37500000 5.00000000
7.50000000 -3.75000000 -5.00000000
7.50000000 -3.75000000 5.00000000
7.50000000 -3.12500000 -5.00000000
7.50000000 -3.12500000 5.00000000
7.50000000 -2.50000000 -5.00000000
7.50000000 -2.50000000 5.00000000
7.50000000 -1.87500000 -5.00000000
7.50000000 -1.87500000 5.00000000
7.50000000 -1.25000000 -5.00000000
7.50000000 -1.25000000 5.00000000
7.50000000 -0.62500000 -5.00000000
7.50000000 -0.62500000 5.00000000
7.50000000 0.00000000 -5.00000000
7.50000000 0.00000000 5.00000000
7.50000000 0.62500000 -5.00000000
7.50000000 0.62500000 5.00000000
7.50000000 1.25000000 -5.00000000
7.50000000 1.25000000 5.00000000
7.50000000 1.87500000 -5.00000000
7.50000000 1.87500000 5.00000000
7.50000000 2.50000000 -5.00000000
7.50000000 2.50000000 5.00000000
7.50000000 3.12500000 -5.00000000
7.50000000 3.12500000 5.00000000
7.50000000 3.75000000 -5.00000000
7.50000000 3.75000000 5.00000000
7.50000000 4.37500000 -5.00000000
7.50000000 4.37500000 5.00000000
7.50000000 5.00000000 -5.00000000
7.50000000 5.00000000 -4.37500000
7.50000000 5.00000000 -3.75000000
7.50000000 5.00000000 -3.12500000
7.50000000 5.00000000 -2.50000000
7.50000000 5.00000000 -1.87500000
7.50000000 5.00000000 -1.25000000
7.50000000 5.00000000 -0.62500000
7.50000000 5.00000000 0.00000000
7.50000000 5.00000000 0.62500000
7.50000000 5.00000000 1.25000000
7.50000000 5.00000000 1.87500000
7.50000000 5.00000000 2.50000000
7.50000000 5.00000000 3.12500000
7.50000000 5.00000000 3.75000000
7.50000000 5.00000000 4.37500000
7.50000000 5.00000000 5.00000000
8.12500000 -5.00000000 -5.00000000
8.12500000 -5.00000000 -4.37500000
8.12500000 -5.00000000 -3.75000000
8.12500000 -5.00000000 -3.12500000
8.12500000 -5.00000000 -2.50000000
8.12500000 -5.00000000 -1.87500000
8.12500000 -5.00000000 -1.25000000
8.12500000 -5.00000000 -0.62500000
8.12500000 -5.00000000 0.00000000
8.12500000 -5.00000000 0.62500000
8.12500000 -5.00000000 1.25000000
8.12500000 -5.00000000 1.87500000
8.12500000 -5.00000000 2.50000000
8.12500000 -5.00000000 3.12500000
8.12500000 -5.00000000 3.75000000
8.12500000 -5.00000000 4.37500000
8.12500000 -5.00000000 5.00000000
8.12500000 -4.37500000 -5.00000000
8.12500000 -4.37500000 5.00000000
8.12500000 -3.75000000 -5.00000000
8.12500000 -3.75000000 5.00000000
8.12500000 -3.12500000 -5.00000000
8.12500000 -3.12500000 5.00000000
8.12500000 -2.50000000 -5.00000000
8.12500000 -2.50000000 5.00000000
8.12500000 -1.87500000 -5.00000000
8.12500000 -1.87500000 5.00000000
8.12500000 -1.25000000 -5.00000000
8.12500000 -1.25000000 5.00000000
8.12500000 -0.62500000 -5.00000000
8.12500000 -0.62500000 5.00000000
8.12500000 0.00000000 -5.00000000
8.12500000 0.00000000 5.00000000
8.12500000 0.62500000 -5.00000000
8.12500000 0.62500000 5.00000000
8.12500000 1.25000000 -5.00000000
8.12500000 1.25000000 5.00000000
8.12500000 1.87500000 -5.00000000
8.12500000 1.87500000 5.00000000
8.12500000 2.50000000 -5.00000000
8.12500000 2.50000000 5.00000000
8.12500000 3.12500000 -5.00000000
8.12500000 3.12500000 5.00000000
8.12500000 3.75000000 -5.00000000
8.12500000 3.75000000 5.00000000
8.12500000 4.37500000 -5.00000000
8.12500000 4.37500000 5.00000000
8.12500000 5.00000000 -5.00000000
8.12500000 5.00000000 -4.37500000
8.12500000 5.00000000 -3.75000000
8.12500000 5.00000000 -3.12500000
8.12500000 5.00000000 -2.50000000
8.12500000 5.00000000 -1.87500000
8.12500000 5.00000000 -1.25000000
8.12500000 5.00000000 -0.62500000
8.12500000 5.00000000 0.00000000
8.12500000 5.00000000 0.62500000
8.12500000 5.00000000 1.25000000
8.12500000 5.00000000 1.87500000
8.12500000 5.00000000 2.50000000
8.12500000 5.00000000 3.12500000
8.12500000 5.00000000 3.75000000
8.12500000 5.00000000 4.37500000
8.12500000 5.00000000 5.00000000
8.75000000 -5.00000000 -5.00000000
8.75000000 -5.00000000 -4.37500000
8.75000000 -5.00000000 -3.75000000
8.75000000 -5.00000000 -3.12500000
8.75000000 -5.00000000 -2.50000000
8.75000000 -5.00000000 -1.87500000
8.75000000 -5.00000000 -1.25000000
8.75000000 -5.00000000 -0.62500000
8.75000000 -5.00000000 0.00000000
8.75000000 -5.00000000 0.62500000
8.75000000 -5.00000000 1.25000000
8.75000000 -5.00000000 1.87500000
8.75000000 -5.00000000 2.50000000
8.75000000 -5.00000000 3.12500000
8.75000000 -5.00000000 3.75000000
8.75000000 -5.00000000 4.37500000
8.75000000 -5.00000000 5.00000000
8.75000000 -4.37500000 -5.00000000
8.75000000 -4.37500000 5.00000000
8.75000000 -3.75000000 -5.00000000
8.75000000 -3.75000000 5.00000000
8.75000000 -3.12500000 -5.00000000
8.75000000 -3.12500000 5.00000000
8.75000000 -2.50000000 -5.00000000
8.75000000 -2.50000000 5.00000000
8.75000000 -1.87500000 -5.00000000
8.75000000 -1.87500000 5.00000000
8.75000000 -1.25000000 -5.00000000
8.75000000 -1.25000000 5.00000000
8.75000000 -0.62500000 -5.00000000
8.75000000 -0.62500000 5.00000000
8.75000000 0.00000000 -5.00000000
8.75000000 0.00000000 5.00000000
8.75000000 0.62500000 -5.00000000
8.75000000 0.62500000 5.00000000
8.75000000 1.25000000 -5.00000000
8.75000000 1.25000000 5.00000000
8.75000000 1.87500000 -5.00000000
8.75000000 1.87500000 5.00000000
8.75000000 2.50000000 -5.00000000
8.75000000 2.50000000 5.00000000
8.75000000 3.12500000 -5.00000000
8.75000000 3.12500000 5.00000000
8.75000000 3.75000000 -5.00000000
8.75000000 3.75000000 5.00000000
8.75000000 4.37500000 -5.00000000
8.75000000 4.37500000 5.00000000
8.75000000 5.00000000 -5.00000000
8.75000000 5.00000000 -4.37500000
8.75000000 5.00000000 -3.75000000
8.75000000 5.00000000 -3.12500000
8.75000000 5.00000000 -2.50000000
8.75000000 5.00000000 -1.87500000
8.75000000 5.00000000 -1.25000000
8.75000000 5.00000000 -0.62500000
8.75000000 5.00000000 0.00000000
8.75000000 5.00000000 0.62500000
8.75000000 5.00000000 1.25000000
8.75000000 5.00000000 1.87500000
8.75000000 5.00000000 2.50000000
8.75000000 5.00000000 3.12500000
8.75000000 5.00000000 3.75000000
8.75000000 5.00000000 4.37500000
8.75000000 5.00000000 5.00000000
9.37500000 -5.00000000 -5.00000000
9.37500000 -5.00000000 -4.37500000
9.37500000 -5.00000000 -3.75000000
9.37500000 -5.00000000 -3.12500000
9.37500000 -5.00000000 -2.50000000
9.37500000 -5.00000000 -1.87500000
9.37500000 -5.00000000 -1.25000000
9.37500000 -5.00000000 -0.62500000
9.37500000 -5.00000000 0.00000000
9.37500000 -5.00000000 0.62500000
9.37500000 -5.00000000 1.25000000
9.37500000 -5.00000000 1.87500000
9.37500000 -5.00000000 2.50000000
9.37500000 -5.00000000 3.12500000
9.37500000 -5.00000000 3.75000000
9.37500000 -5.00000000 4.37500000
9.37500000 -5.00000000 5.00000000
9.37500000 -4.37500000 -5.00000000
9.37500000 -4.37500000 5.00000000
9.37500000 -3.75000000 -5.00000000
9.37500000 -3.75000000 5.00000000
9.37500000 -3.12500000 -5.00000000
9.37500000 -3.12500000 5.00000000
9.37500000 -2.50000000 -5.00000000
9.37500000 -2.50000000 5.00000000
9.37500000 -1.87500000 -5.00000000
9.37500000 -1.87500000 5.00000000
9.37500000 -1.25000000 -5.00000000
9.37500000 -1.25000000 5.00000000
9.37500000 -0.62500000 -5.00000000
9.37500000 -0.62500000 5.00000000
9.37500000 0.00000000 -5.00000000
9.37500000 0.00000000 5.00000000
9.37500000 0.62500000 -5.00000000
9.37500000 0.62500000 5.00000000
9.37500000 1.25000000 -5.00000000
9.37500000 1.25000000 5.00000000
9.37500000 1.87500000 -5.00000000
9.37500000 1.87500000 5.00000000
9.37500000 2.50000000 -5.00000000
9.37500000 2.50000000 5.00000000
9.37500000 3.12500000 -5.00000000
9.37500000 3.12500000 5.00000000
9.37500000 3.75000000 -5.00000000
9.37500000 3.75000000 5.00000000
9.37500000 4.37500000 -5.00000000
9.37500000 4.37500000 5.00000000
9.37500000 5.00000000 -5.00000000
9.37500000 5.00000000 -4.37500000
9.37500000 5.00000000 -3.75000000
9.37500000 5.00000000 -3.12500000
9.37500000 5.00000000 -2.50000000
9.37500000 5.00000000 -1.87500000
9.37500000 5.00000000 -1.25000000
9.37500000 5.00000000 -0.62500000
9.37500000 5.00000000 0.00000000
9.37500000 5.00000000 0.62500000
9.37500000 5.00000000 1.25000000
9.37500000 5.00000000 1.87500000
9.37500000 5.00000000 2.50000000
9.37500000 5.00000000 3.12500000
9.37500000 5.00000000 3.75000000
9.37500000 5.00000000 4.37500000
9.37500000 5.00000000 5.00000000
10.00000000 -5.00000000 -5.00000000
10.00000000 -5.00000000 -4.37500000
10.00000000 -5.00000000 -3.75000000
10.00000000 -5.00000000 -3.12500000
10.00000000 -5.00000000 -2.50000000
10.00000000 -5.00000000 -1.87500000
10.00000000 -5.00000000 -1.25000000
10.00000000 -5.00000000 -0.62500000
10.00000000 -5.00000000 0.00000000
10.00000000 -5.00000000 0.62500000
10.00000000 -5.00000000 1.25000000
10.00000000 -5.00000000 1.87500000
10.00000000 -5.00000000 2.50000000
10.00000000 -5.00000000 3.12500000
10.00000000 -5.00000000 3.75000000
10.00000000 -5.00000000 4.37500000
10.00000000 -5.00000000 5.00000000
10.00000000 -4.37500000 -5.00000000
10.00000000 -4.37500000 -4.37500000
10.00000000 -4.37500000 -3.75000000
10.00000000 -4.37500000 -3.12500000
10.00000000 -4.37500000 -2.50000000
10.00000000 -4.37500000 -1.87500000
10.00000000 -4.37500000 -1.25000000
10.00000000 -4.37500000 -0.62500000
10.00000000 -4.37500000 0.00000000
10.00000000 -4.37500000 0.62500000
10.00000000 -4.37500000 1.25000000
10.00000000 -4.37500000 1.87500000
10.00000000 -4.37500000 2.50000000
10.00000000 -4.37500000 3.12500000
10.00000000 -4.37500000 3.75000000
10.00000000 -4.37500000 4.37500000
10.00000000 -4.37500000 5.00000000
10.00000000 -3.75000000 -5.00000000
10.00000000 -3.75000000 -4.37500000
10.00000000 -3.75000000 -3.75000000
10.00000000 -3.75000000 -3.12500000
10.00000000 -3.75000000 -2.50000000
10.00000000 -3.75000000 -1.87500000
10.00000000 -3.75000000 -1.25000000
10.00000000 -3.75000000 -0.62500000
10.00000000 -3.75000000 0.00000000
10.00000000 -3.75000000 0.62500000
10.00000000 -3.75000000 1.25000000
10.00000000 -3.75000000 1.87500000
10.00000000 -3.75000000 2.50000000
10.00000000 -3.75000000 3.12500000
10.00000000 -3.75000000 3.75000000
10.00000000 -3.75000000 4.37500000
10.00000000 -3.75000000 5.00000000
10.00000000 -3.12500000 -5.00000000
10.00000000 -3.12500000 -4.37500000
10.00000000 -3.12500000 -3.75000000
10.00000000 -3.12500000 -3.12500000
10.00000000 -3.12500000 -2.50000000
10.00000000 -3.12500000 -1.87500000
10.00000000 -3.12500000 -1.25000000
10.00000000 -3.12500000 -0.62500000
10.00000000 -3.12500000 0.00000000
10.00000000 -3.12500000 0.62500000
10.00000000 -3.12500000 1.25000000
10.00000000 -3.12500000 1.87500000
10.00000000 -3.12500000 2.50000000
10.00000000 -3.12500000 3.12500000
10.00000000 -3.12500000 3.75000000
10.00000000 -3.12500000 4.37500000
10.00000000 -3.12500000 5.00000000
10.00000000 -2.50000000 -5.00000000
10.00000000 -2.50000000 -4.37500000
10.00000000 -2.50000000 -3.75000000
10.00000000 -2.50000000 -3.12500000
10.00000000 -2.50000000 -2.50000000
10.00000000 -2.50000000 -1.87500000
10.00000000 -2.50000000 -1.25000000
10.00000000 -2.50000000 -0.62500000
10.00000000 -2.50000000 0.00000000
10.00000000 -2.50000000 0.62500000
10.00000000 -2.50000000 1.25000000
10.00000000 -2.50000000 1.87500000
10.00000000 -2.50000000 2.50000000
10.00000000 -2.50000000 3.12500000
10.00000000 -2.50000000 3.75000000
10.00000000 -2.50000000 4.37500000
10.00000000 -2.50000000 5.00000000
10.00000000 -1.87500000 -5.00000000
10.00000000 -1.87500000 -4.37500000
10.00000000 -1.87500000 -3.75000000
10.00000000 -1.87500000 -3.12500000
10.00000000 -1.87500000 -2.50000000
10.00000000 -1.87500000 -1.87500000
10.00000000 -1.87500000 -1.25000000
10.00000000 -1.87500000 -0.62500000
10.00000000 -1.87500000 0.00000000
10.00000000 -1.87500000 0.62500000
10.00000000 -1.87500000 1.25000000
10.00000000 -1.87500000 1.87500000
10.00000000 -1.87500000 2.50000000
10.00000000 -1.87500000 3.12500000
10.00000000 -1.87500000 3.75000000
10.00000000 -1.87500000 4.37500000
10.00000000 -1.87500000 5.00000000
10.00000000 -1.25000000 -5.00000000
10.00000000 -1.25000000 -4.37500000
10.00000000 -1.25000000 -3.75000000
10.00000000 -1.25000000 -3.12500000
10.00000000 -1.25000000 -2.50000000
10.00000000 -1.25000000 -1.87500000
10.00000000 -1.25000000 -1.25000000
10.00000000 -1.25000000 -0.62500000
10.00000000 -1.25000000 0.00000000
10.00000000 -1.25000000 0.62500000
10.00000000 -1.25000000 1.25000000
10.00000000 -1.25000000 1.87500000
10.00000000 -1.25000000 2.50000000
10.00000000 -1.25000000 3.12500000
10.00000000 -1.25000000 3.75000000
10.00000000 -1.25000000 4.37500000
10.00000000 -1.25000000 5.00000000
10.00000000 -0.62500000 -5.00000000
10.00000000 -0.62500000 -4.37500000
10.00000000 -0.62500000 -3.75000000
10.00000000 -0.62500000 -3.12500000
10.00000000 -0.62500000 -2.50000000
10.00000000 -0.62500000 -1.87500000
10.00000000 -0.62500000 -1.25000000
10.00000000 -0.62500000 -0.62500000
10.00000000 -0.62500000 0.00000000
10.00000000 -0.62500000 0.62500000
10.00000000 -0.62500000 1.25000000
10.00000000 -0.62500000 1.87500000
10.00000000 -0.62500000 2.50000000
10.00000000 -0.62500000 3.12500000
10.00000000 -0.62500000 3.75000000
10.00000000 -0.62500000 4.37500000
10.00000000 -0.62500000 5.00000000
10.00000000 0.00000000 -5.00000000
10.00000000 0.00000000 -4.37500000
10.00000000 0.00000000 -3.75000000
10.00000000 0.00000000 -3.12500000
10.00000000 0.00000000 -2.50000000
10.00000000 0.00000000 -1.87500000
10.00000000 0.00000000 -1.25000000
10.00000000 0.00000000 -0.62500000
10.00000000 0.00000000 0.00000000
10.00000000 0.00000000 0.62500000
10.00000000 0.00000000 1.25000000
10.00000000 0.00000000 1.87500000
10.00000000 0.00000000 2.50000000
10.00000000 0.00000000 3.12500000
10.00000000 0.00000000 3.75000000
10.00000000 0.00000000 4.37500000
10.00000000 0.00000000 5.00000000
10.00000000 0.62500000 -5.00000000
10.00000000 0.62500000 -4.37500000
10.00000000 0.62500000 -3.75000000
10.00000000 0.62500000 -3.12500000
10.00000000 0.62500000 -2.50000000
10.00000000 0.62500000 -1.87500000
10.00000000 0.62500000 -1.25000000
10.00000000 0.62500000 -0.62500000
10.00000000 0.62500000 0.00000000
10.00000000 0.62500000 0.62500000
10.00000000 0.62500000 1.25000000
10.00000000 0.62500000 1.87500000
10.00000000 0.62500000 2.50000000
10.00000000 0.62500000 3.12500000
10.00000000 0.62500000 3.75000000
10.00000000 0.62500000 4.37500000
10.00000000 0.62500000 5.00000000
10.00000000 1.25000000 -5.00000000
10.00000000 1.25000000 -4.37500000
10.00000000 1.25000000 -3.75000000
10.00000000 1.25000000 -3.12500000
10.00000000 1.25000000 -2.50000000
10.00000000 1.25000000 -1.87500000
10.00000000 1.25000000 -1.25000000
10.00000000 1.25000000 -0.62500000
10.00000000 1.25000000 0.00000000
10.00000000 1.25000000 0.62500000
10.00000000 1.25000000 1.25000000
10.00000000 1.25000000 1.87500000
10.00000000 1.25000000 2.50000000
10.00000000 1.25000000 3.12500000
10.00000000 1.25000000 3.75000000
10.00000000 1.25000000 4.37500000
10.00000000 1.25000000 5.00000000
10.00000000 1.87500000 -5.00000000
10.00000000 1.87500000 -4.37500000
10.00000000 1.87500000 -3.75000000
10.00000000 1.87500000 -3.12500000
10.00000000 1.87500000 -2.50000000
10.00000000 1.87500000 -1.87500000
10.00000000 1.87500000 -1.25000000
10.00000000 1.87500000 -0.62500000
10.00000000 1.87500000 0.00000000
10.00000000 1.87500000 0.62500000
10.00000000 1.87500000 1.25000000
10.00000000 1.87500000 1.87500000
10.00000000 1.87500000 2.50000000
10.00000000 1.87500000 3.12500000
10.00000000 1.87500000 3.75000000
10.00000000 1.87500000 4.37500000
10.00000000 1.87500000 5.00000000
10.00000000 2.50000000 -5.00000000
10.00000000 2.50000000 -4.37500000
10.00000000 2.50000000 -3.75000000
10.00000000 2.50000000 -3.12500000
10.00000000 2.50000000 -2.50000000
10.00000000 2.50000000 -1.87500000
10.00000000 2.50000000 -1.25000000
10.00000000 2.50000000 -0.62500000
10.00000000 2.50000000 0.00000000
10.00000000 2.50000000 0.62500000
10.00000000 2.50000000 1.25000000
10.00000000 2.50000000 1.87500000
10.00000000 2.50000000 2.50000000
10.00000000 2.50000000 3.12500000
10.00000000 2.50000000 3.75000000
10.00000000 2.50000000 4.37500000
10.00000000 2.50000000 5.00000000
10.00000000 3.12500000 -5.00000000
10.00000000 3.12500000 -4.37500000
10.00000000 3.12500000 -3.75000000
10.00000000 3.12500000 -3.12500000
10.00000000 3.12500000 -2.50000000
10.00000000 3.12500000 -1.87500000
10.00000000 3.12500000 -1.25000000
10.00000000 3.12500000 -0.62500000
10.00000000 3.12500000 0.00000000
10.00000000 3.12500000 0.62500000
10.00000000 3.12500000 1.25000000
10.00000000 3.12500000 1.87500000
10.00000000 3.12500000 2.50000000
10.00000000 3.12500000 3.12500000
10.00000000 3.12500000 3.75000000
10.00000000 3.12500000 4.37500000
10.00000000 3.12500000 5.00000000
10.00000000 3.75000000 -5.00000000
10.00000000 3.75000000 -4.37500000
10.00000000 3.75000000 -3.75000000
10.00000000 3.75000000 -3.12500000
10.00000000 3.75000000 -2.50000000
10.00000000 3.75000000 -1.87500000
10.00000000 3.75000000 -1.25000000
10.00000000 3.75000000 -0.62500000
10.00000000 3.75000000 0.00000000
10.00000000 3.75000000 0.62500000
10.00000000 3.75000000 1.25000000
10.00000000 3.75000000 1.87500000
10.00000000 3.75000000 2.50000000
10.00000000 3.75000000 3.12500000
10.00000000 3.75000000 3.75000000
10.00000000 3.75000000 4.37500000
10.00000000 3.75000000 5.00000000
10.00000000 4.37500000 -5.00000000
10.00000000 4.37500000 -4.37500000
10.00000000 4.37500000 -3.75000000
10.00000000 4.37500000 -3.12500000
10.00000000 4.37500000 -2.50000000
10.00000000 4.37500000 -1.87500000
10.00000000 4.37500000 -1.25000000
10.00000000 4.37500000 -0.62500000
10.00000000 4.37500000 0.00000000
10.00000000 4.37500000 0.62500000
10.00000000 4.37500000 1.25000000
10.00000000 4.37500000 1.87500000
10.00000000 4.37500000 2.50000000
10.00000000 4.37500000 3.12500000
10.00000000 4.37500000 3.75000000
10.00000000 4.37500000 4.37500000
10.00000000 4.37500000 5.00000000
10.00000000 5.00000000 -5.00000000
10.00000000 5.00000000 -4.37500000
10.00000000 5.00000000 -3.75000000
10.00000000 5.00000000 -3.12500000
10.00000000 5.00000000 -2.50000000
10.00000000 5.00000000 -1.87500000
10.00000000 5.00000000 -1.25000000
10.00000000 5.00000000 -0.62500000
10.00000000 5.00000000 0.00000000
10.00000000 5.00000000 0.62500000
10.00000000 5.00000000 1.25000000
10.00000000 5.00000000 1.87500000
10.00000000 5.00000000 2.50000000
10.00000000 5.00000000 3.12500000
10.00000000 5.00000000 3.75000000
10.00000000 5.00000000 4.37500000
10.00000000 5.00000000 5.00000000
