98
10.000000 5.000000 5.000000
0.000000 5.000000 5.000000
10.000000 -5.000000 5.000000
0.000000 -5.000000 5.000000
10.000000 5.000000 -5.000000
0.000000 5.000000 -5.000000
10.000000 -5.000000 -5.000000
0.000000 -5.000000 -5.000000
5.000000 0.000000 5.000000
10.000000 0.000000 0.000000
5.000000 5.000000 0.000000
5.000000 0.000000 -5.000000
5.000000 -5.000000 0.000000
0.000000 0.000000 0.000000
10.000000 0.000000 5.000000
0.000000 0.000000 5.000000
10.000000 5.000000 0.000000
10.000000 -5.000000 0.000000
5.000000 5.000000 5.000000
5.000000 5.000000 -5.000000
5.000000 -5.000000 -5.000000
0.000000 -5.000000 0.000000
0.000000 0.000000 -5.000000
5.000000 -5.000000 5.000000
10.000000 0.000000 -5.000000
0.000000 5.000000 0.000000
7.500000 2.500000 5.000000
2.500000 -2.500000 5.000000
10.000000 2.500000 2.500000
10.000000 -2.500000 -2.500000
7.500000 5.000000 2.500000
2.500000 5.000000 -2.500000
2.500000 -2.500000 -5.000000
7.500000 2.500000 -5.000000
2.500000 -5.000000 -2.500000
7.500000 -5.000000 2.500000
0.000000 -2.500000 -2.500000
0.000000 2.500000 2.500000
2.500000 2.500000 5.000000
7.500000 -2.500000 5.000000
10.000000 -2.500000 2.500000
10.000000 2.500000 -2.500000
7.500000 5.000000 -2.500000
2.500000 5.000000 2.500000
2.500000 2.500000 -5.000000
7.500000 -2.500000 -5.000000
7.500000 -5.000000 -2.500000
2.500000 -5.000000 2.500000
0.000000 -2.500000 2.500000
0.000000 2.500000 -2.500000
7.500000 0.000000 5.000000
2.500000 0.000000 5.000000
10.000000 2.500000 0.000000
10.000000 -2.500000 0.000000
5.000000 5.000000 2.500000
5.000000 5.000000 -2.500000
5.000000 -2.500000 -5.000000
5.000000 2.500000 -5.000000
2.500000 -5.000000 0.000000
7.500000 -5.000000 0.000000
0.000000 0.000000 -2.500000
0.000000 0.000000 2.500000
5.000000 2.500000 5.000000
5.000000 -2.500000 5.000000
10.000000 0.000000 2.500000
10.000000 0.000000 -2.500000
7.500000 5.000000 0.000000
2.500000 5.000000 0.000000
2.500000 0.000000 -5.000000
7.500000 0.000000 -5.000000
5.000000 -5.000000 -2.500000
5.000000 -5.000000 2.500000
0.000000 -2.500000 0.000000
0.000000 2.500000 0.000000
10.000000 -2.500000 5.000000
10.000000 2.500000 5.000000
0.000000 2.500000 5.000000
0.000000 -2.500000 5.000000
10.000000 5.000000 -2.500000
10.000000 5.000000 2.500000
10.000000 -5.000000 2.500000
10.000000 -5.000000 -2.500000
2.500000 5.000000 5.000000
7.500000 5.000000 5.000000
7.500000 5.000000 -5.000000
2.500000 5.000000 -5.000000
7.500000 -5.000000 -5.000000
2.500000 -5.000000 -5.000000
0.000000 -5.000000 2.500000
0.000000 -5.000000 -2.500000
0.000000 2.500000 -5.000000
0.000000 -2.500000 -5.000000
2.500000 -5.000000 5.000000
7.500000 -5.000000 5.000000
10.000000 -2.500000 -5.000000
10.000000 2.500000 -5.000000
0.000000 5.000000 -2.500000
0.000000 5.000000 2.500000
