386
10.500000 5.500000 5.500000
-0.500000 5.500000 5.500000
10.500000 -5.500000 5.500000
-0.500000 -5.500000 5.500000
10.500000 5.500000 -5.500000
-0.500000 5.500000 -5.500000
10.500000 -5.500000 -5.500000
-0.500000 -5.500000 -5.500000
5.000000 0.000000 5.500000
10.500000 0.000000 0.000000
5.000000 5.500000 0.000000
5.000000 0.000000 -5.500000
5.000000 -5.500000 0.000000
-0.500000 0.000000 0.000000
10.500000 0.000000 5.500000
-0.500000 0.000000 5.500000
10.500000 5.500000 0.000000
10.500000 -5.500000 0.000000
5.000000 5.500000 5.500000
5.000000 5.500000 -5.500000
5.000000 -5.500000 -5.500000
-0.500000 -5.500000 0.000000
-0.500000 0.000000 -5.500000
5.000000 -5.500000 5.500000
10.500000 0.000000 -5.500000
-0.500000 5.500000 0.000000
7.750000 2.750000 5.500000
2.250000 -2.750000 5.500000
10.500000 2.750000 2.750000
10.500000 -2.750000 -2.750000
7.750000 5.500000 2.750000
2.250000 5.500000 -2.750000
2.250000 -2.750000 -5.500000
7.750000 2.750000 -5.500000
2.250000 -5.500000 -2.750000
7.750000 -5.500000 2.750000
-0.500000 -2.750000 -2.750000
-0.500000 2.750000 2.750000
2.250000 2.750000 5.500000
7.750000 -2.750000 5.500000
10.500000 -2.750000 2.750000
10.500000 2.750000 -2.750000
7.750000 5.500000 -2.750000
2.250000 5.500000 2.750000
2.250000 2.750000 -5.500000
7.750000 -2.750000 -5.500000
7.750000 -5.500000 -2.750000
2.250000 -5.500000 2.750000
-0.500000 -2.750000 2.750000
-0.500000 2.750000 -2.750000
7.750000 0.000000 5.500000
2.250000 0.000000 5.500000
10.500000 2.750000 0.000000
10.500000 -2.750000 0.000000
5.000000 5.500000 2.750000
5.000000 5.500000 -2.750000
5.000000 -2.750000 -5.500000
5.000000 2.750000 -5.500000
2.250000 -5.500000 0.000000
7.750000 -5.500000 0.000000
-0.500000 0.000000 -2.750000
-0.500000 0.000000 2.750000
5.000000 2.750000 5.500000
5.000000 -2.750000 5.500000
10.500000 0.000000 2.750000
10.500000 0.000000 -2.750000
7.750000 5.500000 0.000000
2.250000 5.500000 0.000000
2.250000 0.000000 -5.500000
7.750000 0.000000 -5.500000
5.000000 -5.500000 -2.750000
5.000000 -5.500000 2.750000
-0.500000 -2.750000 0.000000
-0.500000 2.750000 0.000000
10.500000 -2.750000 5.500000
10.500000 2.750000 5.500000
-0.500000 2.750000 5.500000
-0.500000 -2.750000 5.500000
10.500000 5.500000 -2.750000
10.500000 5.500000 2.750000
10.500000 -5.500000 2.750000
10.500000 -5.500000 -2.750000
2.250000 5.500000 5.500000
7.750000 5.500000 5.500000
7.750000 5.500000 -5.500000
2.250000 5.500000 -5.500000
7.750000 -5.500000 -5.500000
2.250000 -5.500000 -5.500000
-0.500000 -5.500000 2.750000
-0.500000 -5.500000 -2.750000
-0.500000 2.750000 -5.500000
-0.500000 -2.750000 -5.500000
2.250000 -5.500000 5.500000
7.750000 -5.500000 5.500000
10.500000 -2.750000 -5.500000
10.500000 2.750000 -5.500000
-0.500000 5.500000 -2.750000
-0.500000 5.500000 2.750000
9.125000 1.375000 5.500000
0.875000 -1.375000 5.500000
10.500000 4.125000 1.375000
10.500000 -4.125000 -1.375000
6.375000 5.500000 4.125000
3.625000 5.500000 -4.125000
3.625000 -4.125000 -5.500000
6.375000 4.125000 -5.500000
0.875000 -5.500000 -1.375000
9.125000 -5.500000 1.375000
-0.500000 -1.375000 -4.125000
-0.500000 1.375000 4.125000
3.625000 4.125000 5.500000
6.375000 -4.125000 5.500000
10.500000 -1.375000 4.125000
10.500000 1.375000 -4.125000
9.125000 5.500000 -1.375000
0.875000 5.500000 1.375000
0.875000 1.375000 -5.500000
9.125000 -1.375000 -5.500000
6.375000 -5.500000 -4.125000
3.625000 -5.500000 4.125000
-0.500000 -4.125000 1.375000
-0.500000 4.125000 -1.375000
9.125000 -1.375000 5.500000
10.500000 1.375000 4.125000
0.875000 1.375000 5.500000
-0.500000 -1.375000 4.125000
10.500000 4.125000 -1.375000
9.125000 5.500000 1.375000
10.500000 -4.125000 1.375000
9.125000 -5.500000 -1.375000
3.625000 5.500000 4.125000
6.375000 4.125000 5.500000
6.375000 5.500000 -4.125000
3.625000 4.125000 -5.500000
6.375000 -4.125000 -5.500000
3.625000 -5.500000 -4.125000
0.875000 -5.500000 1.375000
-0.500000 -4.125000 -1.375000
-0.500000 1.375000 -4.125000
0.875000 -1.375000 -5.500000
3.625000 -4.125000 5.500000
6.375000 -5.500000 4.125000
10.500000 -1.375000 -4.125000
9.125000 1.375000 -5.500000
0.875000 5.500000 -1.375000
-0.500000 4.125000 1.375000
9.125000 4.125000 5.500000
6.375000 1.375000 5.500000
0.875000 -4.125000 5.500000
3.625000 -1.375000 5.500000
10.500000 4.125000 4.125000
10.500000 1.375000 1.375000
10.500000 -4.125000 -4.125000
10.500000 -1.375000 -1.375000
9.125000 5.500000 4.125000
6.375000 5.500000 1.375000
0.875000 5.500000 -4.125000
3.625000 5.500000 -1.375000
0.875000 -4.125000 -5.500000
3.625000 -1.375000 -5.500000
9.125000 4.125000 -5.500000
6.375000 1.375000 -5.500000
0.875000 -5.500000 -4.125000
3.625000 -5.500000 -1.375000
9.125000 -5.500000 4.125000
6.375000 -5.500000 1.375000
-0.500000 -4.125000 -4.125000
-0.500000 -1.375000 -1.375000
-0.500000 4.125000 4.125000
-0.500000 1.375000 1.375000
0.875000 4.125000 5.500000
3.625000 1.375000 5.500000
9.125000 -4.125000 5.500000
6.375000 -1.375000 5.500000
10.500000 -4.125000 4.125000
10.500000 -1.375000 1.375000
10.500000 4.125000 -4.125000
10.500000 1.375000 -1.375000
9.125000 5.500000 -4.125000
6.375000 5.500000 -1.375000
0.875000 5.500000 4.125000
3.625000 5.500000 1.375000
0.875000 4.125000 -5.500000
3.625000 1.375000 -5.500000
9.125000 -4.125000 -5.500000
6.375000 -1.375000 -5.500000
9.125000 -5.500000 -4.125000
6.375000 -5.500000 -1.375000
0.875000 -5.500000 4.125000
3.625000 -5.500000 1.375000
-0.500000 -4.125000 4.125000
-0.500000 -1.375000 1.375000
-0.500000 4.125000 -4.125000
-0.500000 1.375000 -1.375000
7.750000 1.375000 5.500000
2.250000 -1.375000 5.500000
10.500000 2.750000 1.375000
10.500000 -2.750000 -1.375000
6.375000 5.500000 2.750000
3.625000 5.500000 -2.750000
3.625000 -2.750000 -5.500000
6.375000 2.750000 -5.500000
2.250000 -5.500000 -1.375000
7.750000 -5.500000 1.375000
-0.500000 -1.375000 -2.750000
-0.500000 1.375000 2.750000
3.625000 2.750000 5.500000
6.375000 -2.750000 5.500000
10.500000 -1.375000 2.750000
10.500000 1.375000 -2.750000
7.750000 5.500000 -1.375000
2.250000 5.500000 1.375000
2.250000 1.375000 -5.500000
7.750000 -1.375000 -5.500000
6.375000 -5.500000 -2.750000
3.625000 -5.500000 2.750000
-0.500000 -2.750000 1.375000
-0.500000 2.750000 -1.375000
9.125000 -2.750000 5.500000
10.500000 2.750000 4.125000
0.875000 2.750000 5.500000
-0.500000 -2.750000 4.125000
10.500000 4.125000 -2.750000
9.125000 5.500000 2.750000
10.500000 -4.125000 2.750000
9.125000 -5.500000 -2.750000
2.250000 5.500000 4.125000
7.750000 4.125000 5.500000
7.750000 5.500000 -4.125000
2.250000 4.125000 -5.500000
7.750000 -4.125000 -5.500000
2.250000 -5.500000 -4.125000
0.875000 -5.500000 2.750000
-0.500000 -4.125000 -2.750000
-0.500000 2.750000 -4.125000
0.875000 -2.750000 -5.500000
2.250000 -4.125000 5.500000
7.750000 -5.500000 4.125000
10.500000 -2.750000 -4.125000
9.125000 2.750000 -5.500000
0.875000 5.500000 -2.750000
-0.500000 4.125000 2.750000
9.125000 2.750000 5.500000
6.375000 2.750000 5.500000
0.875000 -2.750000 5.500000
3.625000 -2.750000 5.500000
10.500000 4.125000 2.750000
10.500000 1.375000 2.750000
10.500000 -4.125000 -2.750000
10.500000 -1.375000 -2.750000
7.750000 5.500000 4.125000
7.750000 5.500000 1.375000
2.250000 5.500000 -4.125000
2.250000 5.500000 -1.375000
2.250000 -4.125000 -5.500000
2.250000 -1.375000 -5.500000
7.750000 4.125000 -5.500000
7.750000 1.375000 -5.500000
0.875000 -5.500000 -2.750000
3.625000 -5.500000 -2.750000
9.125000 -5.500000 2.750000
6.375000 -5.500000 2.750000
-0.500000 -2.750000 -4.125000
-0.500000 -2.750000 -1.375000
-0.500000 2.750000 4.125000
-0.500000 2.750000 1.375000
2.250000 4.125000 5.500000
2.250000 1.375000 5.500000
7.750000 -4.125000 5.500000
7.750000 -1.375000 5.500000
10.500000 -2.750000 4.125000
10.500000 -2.750000 1.375000
10.500000 2.750000 -4.125000
10.500000 2.750000 -1.375000
9.125000 5.500000 -2.750000
6.375000 5.500000 -2.750000
0.875000 5.500000 2.750000
3.625000 5.500000 2.750000
0.875000 2.750000 -5.500000
3.625000 2.750000 -5.500000
9.125000 -2.750000 -5.500000
6.375000 -2.750000 -5.500000
7.750000 -5.500000 -4.125000
7.750000 -5.500000 -1.375000
2.250000 -5.500000 4.125000
2.250000 -5.500000 1.375000
-0.500000 -4.125000 2.750000
-0.500000 -1.375000 2.750000
-0.500000 4.125000 -2.750000
-0.500000 1.375000 -2.750000
6.375000 0.000000 5.500000
9.125000 0.000000 5.500000
3.625000 0.000000 5.500000
0.875000 0.000000 5.500000
10.500000 1.375000 0.000000
10.500000 4.125000 0.000000
10.500000 -1.375000 0.000000
10.500000 -4.125000 0.000000
5.000000 5.500000 1.375000
5.000000 5.500000 4.125000
5.000000 5.500000 -1.375000
5.000000 5.500000 -4.125000
5.000000 -1.375000 -5.500000
5.000000 -4.125000 -5.500000
5.000000 1.375000 -5.500000
5.000000 4.125000 -5.500000
3.625000 -5.500000 0.000000
0.875000 -5.500000 0.000000
6.375000 -5.500000 0.000000
9.125000 -5.500000 0.000000
-0.500000 0.000000 -1.375000
-0.500000 0.000000 -4.125000
-0.500000 0.000000 1.375000
-0.500000 0.000000 4.125000
5.000000 1.375000 5.500000
5.000000 4.125000 5.500000
5.000000 -1.375000 5.500000
5.000000 -4.125000 5.500000
10.500000 0.000000 1.375000
10.500000 0.000000 4.125000
10.500000 0.000000 -1.375000
10.500000 0.000000 -4.125000
6.375000 5.500000 0.000000
9.125000 5.500000 0.000000
3.625000 5.500000 0.000000
0.875000 5.500000 0.000000
3.625000 0.000000 -5.500000
0.875000 0.000000 -5.500000
6.375000 0.000000 -5.500000
9.125000 0.000000 -5.500000
5.000000 -5.500000 -1.375000
5.000000 -5.500000 -4.125000
5.000000 -5.500000 1.375000
5.000000 -5.500000 4.125000
-0.500000 -1.375000 0.000000
-0.500000 -4.125000 0.000000
-0.500000 1.375000 0.000000
-0.500000 4.125000 0.000000
10.500000 -4.125000 5.500000
10.500000 -1.375000 5.500000
10.500000 4.125000 5.500000
10.500000 1.375000 5.500000
-0.500000 4.125000 5.500000
-0.500000 1.375000 5.500000
-0.500000 -4.125000 5.500000
-0.500000 -1.375000 5.500000
10.500000 5.500000 -4.125000
10.500000 5.500000 -1.375000
10.500000 5.500000 4.125000
10.500000 5.500000 1.375000
10.500000 -5.500000 4.125000
10.500000 -5.500000 1.375000
10.500000 -5.500000 -4.125000
10.500000 -5.500000 -1.375000
0.875000 5.500000 5.500000
3.625000 5.500000 5.500000
9.125000 5.500000 5.500000
6.375000 5.500000 5.500000
9.125000 5.500000 -5.500000
6.375000 5.500000 -5.500000
0.875000 5.500000 -5.500000
3.625000 5.500000 -5.500000
9.125000 -5.500000 -5.500000
6.375000 -5.500000 -5.500000
0.875000 -5.500000 -5.500000
3.625000 -5.500000 -5.500000
-0.500000 -5.500000 4.125000
-0.500000 -5.500000 1.375000
-0.500000 -5.500000 -4.125000
-0.500000 -5.500000 -1.375000
-0.500000 4.125000 -5.500000
-0.500000 1.375000 -5.500000
-0.500000 -4.125000 -5.500000
-0.500000 -1.375000 -5.500000
0.875000 -5.500000 5.500000
3.625000 -5.500000 5.500000
9.125000 -5.500000 5.500000
6.375000 -5.500000 5.500000
10.500000 -4.125000 -5.500000
10.500000 -1.375000 -5.500000
10.500000 4.125000 -5.500000
10.500000 1.375000 -5.500000
-0.500000 5.500000 -4.125000
-0.500000 5.500000 -1.375000
-0.500000 5.500000 4.125000
-0.500000 5.500000 1.375000
