32
0.31674999 0.95595998 0.36035001
0.31674999 -0.95595998 0.36035001
0.35609999 0.95595998 -0.43403000
0.35609999 -0.95595998 -0.43403000
0.74078000 1.26883996 -0.06290000
0.74110001 -1.26883996 0.06459000
0.79522002 0.95595998 0.79455000
0.81388003 -1.01124001 0.74251002
0.90698999 1.01124001 -0.76955003
0.91548997 -0.95595998 -0.82786000
1.22966003 -1.26124001 -0.36149999
1.28201997 1.28103006 0.27967000
1.34827995 1.28480995 -0.25942999
1.35307002 -1.29215002 0.21085000
1.46689999 1.06604004 -0.72856998
1.46689999 -1.00711000 0.79289001
1.51907003 0.87000000 0.89999998
1.69250000 -0.87000000 -0.89999998
2.05999994 -1.24246001 0.42010000
2.05999994 -1.16602004 -0.58578998
2.05999994 -0.77999997 0.89999998
2.05999994 -0.60000002 -0.28110999
2.05999994 -0.60000002 0.28110999
2.05999994 -0.23636000 -0.89999998
2.05999994 -0.11818000 0.54000002
2.05999994 0.23999999 -0.48949999
2.05999994 0.41999999 0.89999998
2.05999994 0.70908999 0.18000001
2.05999994 0.77999997 -0.89999998
2.05999994 1.06604004 0.72856998
2.05999994 1.24246001 -0.42010000
2.05999994 1.29620004 0.17294000
