57
-0.00000000 1.24246001 -0.42010000
0.00000000 -0.60000002 -0.06000000
0.00000000 -0.35455000 0.54000002
0.00000000 0.12000000 -0.48949999
0.00000000 0.47999999 0.48949999
0.00000000 0.82726997 0.06000000
0.00000000 -1.23968995 -0.42781001
0.23400000 1.16602004 0.58578998
0.23400000 -1.16602004 0.58578998
0.35100001 -0.89999998 -0.89999998
0.58499998 1.00711000 -0.79289001
0.58499998 1.29999995 0.08579000
0.58499998 -1.29619002 0.17294000
0.93599999 1.26593006 -0.34461001
0.93599999 -1.26593006 -0.34461001
1.05281997 1.23439002 0.44204000
1.05281997 -1.23439002 0.44204000
1.52100003 1.11915004 -0.65935999
1.52100003 -1.11915004 -0.65935999
1.56201005 1.29999995 -0.00000000
1.56201005 -1.29999995 -0.00000000
1.63800001 -1.16602004 0.58578998
2.07921004 1.21501005 0.29361001
2.14592004 1.18260002 -0.28617999
2.14592004 -1.18260002 0.28617999
2.14835000 -1.18130004 -0.28518000
2.33999991 -0.89999998 -0.89999998
2.33999991 1.04753995 -0.75000000
2.33999991 -0.60000002 0.30000001
2.33999991 -0.34918001 -0.46849000
2.33999991 0.23278999 0.54000002
2.33999991 0.46557000 -0.54000002
2.33999991 0.81476003 0.06000000
0.08169000 0.81831002 1.07435000
0.09842000 -0.70138001 1.08765996
0.09842000 -0.10020000 1.08765996
0.66740000 0.35846999 1.22344005
0.72657001 0.87396002 1.00716996
0.73001999 -0.86291999 1.02524996
0.88191998 -0.28988999 1.23282003
1.43055999 -0.88314998 0.98803002
1.43687999 0.89999998 0.89999998
1.48553002 0.35846999 1.22344005
1.61538994 -0.31904000 1.21310997
2.07314992 0.33118001 0.98803002
2.08042002 -0.22261000 0.96777999
2.08121991 -0.89121997 0.96508002
2.08999991 0.89999998 0.89999998
0.12000000 -0.36000001 -0.89999998
0.23588000 0.36000001 -0.89999998
0.69941002 0.12000000 -0.89999998
1.04706001 -0.60000002 -0.89999998
1.16294003 0.60000002 -0.89999998
1.51058996 0.12000000 -0.89999998
1.74234998 -0.60000002 -0.89999998
1.85824001 0.60000002 -0.89999998
2.08999991 0.00000000 -0.89999998
