54
-0.00000000 -1.04753995 0.34389001
-0.00000000 -0.58196998 -0.46849000
-0.00000000 -0.58196998 0.46849000
-0.00000000 0.12000000 -0.46849000
-0.00000000 0.12000000 0.46849000
-0.00000000 0.58196998 0.66000003
-0.00000000 0.60000002 -0.30000001
-0.00000000 0.60000002 0.18216000
-0.00000000 1.04753995 -0.22926000
-0.00000000 1.04753995 0.22926000
0.04289000 -1.00711000 -0.22926000
0.04289000 -1.00711000 0.79289001
0.04289000 1.00711000 -0.66791999
0.04289000 1.00711000 0.79289001
0.07500000 -0.30000001 0.89999998
0.07545000 -0.95354998 -0.84644997
0.18000001 -0.23309000 -0.94999999
0.18000001 0.34963000 -0.94999999
0.23858000 0.29091001 1.04141998
0.49136001 0.83999997 0.89999998
0.49136001 -0.83999997 0.89999998
0.55017000 0.82418001 -0.89528000
0.57542002 -0.82507998 -0.89324999
0.66180003 -0.28461999 -0.93869001
0.78224999 0.39846000 -0.93586999
0.78336000 0.17455000 1.10000002
0.78336000 -0.29091001 1.10000002
1.04490995 0.83660001 -0.85554999
1.08841002 0.80628997 0.98899001
1.08841002 -0.80628997 0.98899001
1.14359999 -0.28461999 -0.92738998
1.14359999 -0.74000001 -0.92738998
1.26405001 0.39846000 -0.92456001
1.36515999 -0.29091001 0.98224002
1.45283997 0.40727001 0.93142003
1.57405996 -0.81840003 0.69167000
1.61406004 0.80628997 0.67958999
1.62539005 -0.28461999 -0.91608000
1.62674999 0.83999997 -0.81602001
1.62674999 -0.83999997 -0.70886999
1.74583995 0.39846000 -0.91325003
1.75637996 -0.40727001 0.64757001
1.89330006 -0.83569002 -0.24707000
1.92141998 0.29091001 0.36342001
1.92352998 0.82477999 -0.42219999
1.94685996 -0.75111002 0.19773000
1.94685996 0.75111002 0.19773000
1.99605000 -0.29091001 0.14883000
2.05226994 -0.17455000 -0.31592000
2.05226994 0.40727001 -0.31592000
2.20413995 -0.28461999 -0.81669998
2.20413995 0.28461999 -0.81669998
2.20451999 -0.74000001 -0.81291997
2.20451999 0.74000001 -0.81291997
